Paris=6455259*2.35236*48.856461
Athens=264371*23.716221*37.97945
Rome=3169070*12.4839*41.894741
Venice=3164603*12.32667*45.43861
The\ Hague=2747373*4.29861*52.076672
Lisbon=2267057*-9.13333*38.716671
Vienna=2761369*16.37208*48.208488
Cairo=360630*31.24967*30.06263
Madrid=3117735*-3.70256*40.4165
Prague=3067696*14.42076*50.088039
